500
-1
-222
-1234
-987654321
72842
-456
118327
54789
2345
-923
102345
67890
123456
-1024
87654
34567
98765
12345
6789
23456
78901
3456
8765
4321
9876
5432
1098
6543
2109
7654
3210
8765
4321
9876
5432
1098
6543
2109
7654
3210
8765
4321
9876
5432
1098
6543
2109
7654
3210
8765
2424242
1
2
3
4
5
6
6
7
7
8
6345
345
353
5345
354
35434
543
453
34
53
534
63
6
765
854
846
72
27
7346
2
54
362
34
743
562
45654
27
48
24
562
655
2572
527
47484
26
2623
4532
623242
-1001
-96519
38412 
-52772
86182
-12389 
65732 
-47382 
91723
-79823
23821
-38213
47231
-62312
81231
-98123
72131
-21312
41312
-51312
81312
-71312
31312
-61312
91312
-11312
21312
-31312
51312
-81312
71312
-91312
11312
-21312
41312
-51312
81312
-71312
31312
-61312
91312
-11312
21312
-31312
51312
-81312
71312
-91312
11312
-21312
41312
-51312
81312
-71312
31312
-61312
91312
-11312
21312
-31312
51312
-81312
71312
-91312
11312
-21312
41312
-51312
81312
-71312
31312
-61312
91312
-11312
21312
-31312
51312
-81312
71312
-91312
11312
-21312
41312
-51312
81312
-71312
31312
-61312
91312
-11312
21312
-31312
51312
-81312
71312
-91312
11312
-21312
41312
-51312
81312
-1
-222
-1234
-987654321
72842
-456
118327
54789
2345
-923
102345
67890
123456
-1024
87654
34567
98765
12345
6789
23456
78901
3456
8765
4321
9876
5432
1098
6543
2109
7654
3210
8765
4321
9876
5432
1098
6543
2109
7654
3210
8765
4321
9876
5432
1098
6543
2109
7654
3210
8765
2424242
1
2
3
4
5
6
6
7
7
8
6345
345
353
5345
354
35434
543
453
34
53
534
63
6
765
854
846
72
27
7346
2
54
362
34
743
562
45654
27
48
24
562
655
2572
527
47484
26
2623
4532
623242
-1001
-96519
38412 
-52772
86182
-12389 
65732 
-47382 
91723
-79823
23821
-38213
47231
-62312
81231
-98123
72131
-21312
41312
-51312
81312
-71312
31312
-61312
91312
-11312
21312
-31312
51312
-81312
71312
-91312
11312
-21312
41312
-51312
81312
-71312
31312
-61312
91312
-11312
21312
-31312
51312
-81312
71312
-91312
11312
-21312
41312
-51312
81312
-71312
31312
-61312
91312
-11312
21312
-31312
51312
-81312
71312
-91312
11312
-21312
41312
-51312
81312
-71312
31312
-61312
91312
-11312
21312
-31312
51312
-81312
71312
-91312
11312
-21312
41312
-51312
81312
-71312
31312
-61312
91312
-11312
21312
-31312
51312
-81312
71312
-91312
11312
-21312
41312
-51312
81312
28
50
41
27
43
65
74
58
82
4
31
11
56
95
36
62
47
24
3
6
16
38
81
70
42
99
35
63
18
15
21
17
77
57
68
12
78
67
49
7
92
39
98
23
76
75
10
14
64
51
94
59
86
83
73
80
26
19
46
89
97
30
61
25
40
85
69
5
32
33
34
71
93
37
53
87
54
60
44
66
22
91
52
13
72
45
88
90
55
20
29
3
23425
235235
2523
25
235
325
235
25